0100
0105.0
0110.25
0115.7625
121.55062500000001
127.62815625000002
134.00956406250003
140.71004226562505
147.74554437890632
155.13282159785163
162.8894626777442
171.03393581163144
179.58563260221302
188.56491423232367
197.99315994393987
207.89281794113688
218.28745883819374
229.20183178010345
240.66192336910862
252.69501953756406
265.32977051444226
278.5962590401644
292.5260719921726
307.15237559178127
322.50999437137034
338.63549408993885
355.5672687944358
373.3456322341576
392.0129138458655
411.6135595381588
432.1942375150668
453.80394939082015
476.4941468603612
500.31885420337926
525.3347969135482
551.6015367592256
579.1816135971869
608.1406942770464
638.5477289908987
670.4751154404437
703.9988712124659
739.1988147730892
776.1587555117437
814.9666932873309
855.7150279516975
898.5007793492824
943.4258183167466
990.597109232584