34.065
12.877
24.312
44.117
16.451
16.756
13.699
10.28
13.2
9.4
18.3
15.323
15.214
20.005
12.676
12.5
11.2
23.41
36.413
10.4
19.559
25.703
8.962
23.562
14.938
15.542
9.2
40.854
44.696
20.121
25.652
37.272
10.9
12.5
34.185
45.886
9.522
13.922
12.1
18.783
35.246
42.717
37.576
15.12
36.589
9.4
9.505
12.7
11.482
10.2
10.0
27.48
20.826
20.812
23.177
20.126
35.363
36.702
10.3
33.018
20.441
10.7
12.3
16.39
31.888
42.729
13.332
8.5
30.872
8.5
14.5
19.314
17.381
30.991
36.915
37.468
20.258
25.633
25.786
7.9
9.2
13.4
20.438
18.787
18.79
31.093
15.0
21.3
8.5
13.54
8.2
27.046
22.73
34.904
23.261
14.366
8.6
17.7
20.575
27.2
26.759
10.2
13.426
27.468
35.485
20.687
9.2
10.1
11.3
10.179
10.694
34.67
39.77
17.653
21.957
47.129
9.5
34.069
10.9
18.407
23.547
12.141
22.659
11.616
22.712
38.888
17.204
26.028
20.973
10.2
17.0
13.12
22.73
49.674
41.245
11.6
20.851
25.246
13.1
19.445
28.883
23.726
19.699
24.398
9.6
7.9
10.8
10.98
8.8
13.2
35.158
26.203
33.931
19.402
37.746
9.2
18.6
36.583
9.3
10.1
10.2
30.816
43.77
20.85
36.129
9.1
17.863
15.43
16.0
16.301
33.499
17.741
29.871
11.8
10.2
24.043
32.998
39.152
10.242
35.755
36.398
25.483
14.451
19.8
16.836
21.32
43.152
11.1
14.466
12.2
12.5
14.474
22.5
26.627
19.767
15.537
10.7
30.394
31.08
42.822
31.259